-0.0483
-0.0966
-0.0966
-0.0966
-0.0966
-0.1449
-0.1449
-0.1449
-0.1932
-0.1449
-0.1449
-0.1449
-0.1449
-0.1449
-0.1449
-0.1449
-0.0966
-0.1449
-0.0966
-0.1449
-0.1449
-0.1449
-0.1449
-0.1449
-0.1449
-0.1449
-0.1449
-0.1449
-0.1449
-0.1449
-0.1449
-0.1449
-0.1449
-0.1449
-0.1449
-0.1449
-0.1932
-0.1449
-0.1932
-0.1449
-0.1932
-0.1449
-0.1932
-0.1449
-0.1449
-0.1449
-0.0966
-0.0483
-0.0483
-0.0483
-0.0966
-0.1449
-0.1449
-0.1449
-0.1932
-0.1449
-0.1932
-0.1932
-0.1932
-0.1449
-0.1932
-0.1449
-0.0966
-0.0483
0.0483
0.1449
0.1932
-0.0483
-0.2415
-0.3381
-0.2898
-0.2415
-0.1932
-0.1449
-0.1449
-0.1449
-0.0966
-0.1449
-0.1449
-0.1449
-0.0966
-0.1449
-0.0966
-0.0966
-0.0966
-0.1449
-0.0966
-0.0966
-0.0966
-0.0483
-0.0483
-0.0483
0
0
0.0483
0.0483
0.0966
0.0483
0.0483
0.0483
0
0
0
-0.0483
-0.0483
-0.0483
-0.0966
-0.0966
-0.0966
-0.0966
-0.0966
-0.0966
-0.0966
-0.0966
-0.0966
-0.0966
-0.0966
-0.0966
-0.0483
-0.0483
-0.0966
-0.0966
-0.0966
-0.0966
-0.0483
-0.0966
-0.0966
-0.0966
-0.0966
-0.0966
-0.0966
-0.0966
-0.0966
-0.0483
-0.0966
-0.0966
-0.0483
-0.0483
-0.0966
-0.0483
-0.0483
-0.0966
-0.0483
-0.0483
-0.0966
-0.0483
-0.0483
-0.0483
0
0
0
0.0483
0.0483
0
-0.0483
-0.0483
-0.0966
-0.0483
-0.0966
-0.0483
-0.0966
-0.0483
-0.0966
-0.0483
0
0.0966
0.1932
0.2415
0.1932
-0.0966
-0.2415
-0.3381
-0.2415
-0.1449
-0.0966
-0.0483
-0.0483
-0.0483
-0.0483
-0.0483
-0.0483
-0.0483
0
0
0
-0.0483
0
0
0
0
0
0.0483
0.0483
0.0966
0.0966
0.0966
0.1449
0.1449
0.1932
0.1449
0.1932
0.1449
0.1449
0.0966
0.0966
0.0483
0.0483
0.0483
0
0.0483
0
0
0
0
0
0
0
0.0483
0
0.0483
0.0483
0.0483
0.0483
0.0483
0.0483
0.0483
0
0.0483
0
0.0483
0.0483
0.0483
0
0
0
0.0483
0
0.0483
0
0
0
0.0483
0
0
0
0
0
0.0483
0.0483
0.0483
0.0483
0.0966
0.0966
0.0966
0.0483
0.0483
0
0
0
-0.0483
0
-0.0483
0
0
0
0.0483
0.1932
0.2415
0.2898
0.3381
0.0966
-0.0966
-0.1932
-0.1449
-0.0483
0
0
0
0
0
0
0
0
0
0
0.0483
0
0
0
0
0
0.0483
0.0483
0.0483
0.0966
0.1449
0.1449
0.1449
0.1932
0.1932
0.1932
0.1449
0.1449
0.1449
0.1449
0.1449
0.0966
0.0966
0.0483
0.0483
0.0483
0.0483
0.0483
0.0483
0.0483
0.0483
0.0483
0.0483
0
0.0483
0.0483
0.0483
0.0966
0.0483
0.0966
0.0483
0.0483
0.0483
0.0966
0.0483
0.0483
0.0483
0.0483
0.0483
0.0483
0.0483
0.0483
0.0483
0.0483
0.0483
0.0483
0.0483
0.0483
0.0483
0.0483
0.0483
0.0483
0.0483
0.0483
0.0483
0.0483
0.0483
0.0483
0.0483
0.0966
0.0483
0.0483
0.0483
0
0.0483
0
0.0483
0.0483
0.0483
0.0483
0.0483
0
0.0483
0
0
0
0
0
0.0483
0
0
0
0
0
0
0.0483
0.0483
0.0483
0.0483
0
0.0483
