-0.0483
-0.0483
-0.0483
-0.0483
-0.0483
-0.0483
-0.0966
-0.0966
-0.0966
-0.0966
-0.0966
-0.0483
-0.0483
-0.0966
-0.0483
-0.0966
-0.0966
-0.0966
-0.0966
-0.0966
-0.0966
-0.0483
-0.0966
-0.0966
-0.0966
-0.0966
-0.0966
-0.0966
-0.0966
-0.0483
-0.0483
-0.0966
-0.0966
-0.0966
-0.0966
-0.0483
-0.0483
-0.0966
-0.0966
-0.0483
-0.0483
-0.0483
-0.0483
-0.0483
0
0
0
0
0
-0.0483
-0.0483
-0.0483
-0.0966
-0.0966
-0.0966
-0.0966
-0.1449
-0.1932
-0.2415
-0.0966
-0.0483
0.5796
1.4973
1.1109
0.5796
0.2415
0.1449
0.0966
0
-0.0483
-0.0483
-0.0483
-0.0483
-0.0483
0
0
0
0
-0.0483
0
-0.0483
0
0
0
0
0
0.0483
0.0483
0.0966
0.0966
0.0966
0.0966
0.0966
0.1449
0.1449
0.1449
0.0966
0.0966
0.0483
0.0483
0
0
0
0
0
-0.0483
-0.0483
-0.0483
-0.0483
-0.0483
-0.0483
-0.0483
-0.0966
-0.0483
-0.0966
-0.0483
-0.0483
-0.0483
-0.0966
-0.0483
-0.0483
-0.0483
-0.0966
-0.0483
-0.0483
-0.0483
-0.0483
-0.0483
-0.0966
-0.0483
-0.0966
-0.0966
-0.0483
-0.0966
-0.0483
-0.0483
-0.0483
-0.0966
-0.0966
-0.0483
-0.0966
-0.0483
-0.0483
-0.0483
0
0
0
0.0483
0.0483
0.0483
0
-0.0483
-0.0483
-0.0483
-0.0483
-0.0483
-0.0483
-0.0483
-0.0966
-0.1932
-0.2415
-0.1449
0.0966
0.8211
1.3524
0.966
0.4347
0.2415
0.1449
0.0966
0.0483
0
0
-0.0483
-0.0483
-0.0483
0
-0.0483
0
0
0
0
0
0
0.0483
0.0483
0.0483
0.0483
0.0966
0.0483
0.0966
0.0966
0.0966
0.1449
0.1449
0.1449
0.1932
0.1449
0.1449
0.0966
0.0966
0.0483
0
0
0
0
-0.0483
0
0
-0.0483
0
-0.0483
-0.0483
-0.0483
-0.0483
-0.0483
-0.0483
-0.0483
-0.0483
-0.0483
-0.0483
-0.0483
-0.0483
-0.0483
-0.0483
-0.0483
-0.0483
-0.0483
0
-0.0483
-0.0483
-0.0483
-0.0483
0
-0.0483
0
-0.0483
-0.0483
0
0
0
0
0
-0.0483
0
0.0483
0.0483
0.0483
0.0483
0.0483
0.0966
0.0483
0
0.0483
0
0
0
-0.0483
-0.0483
-0.0966
-0.1449
-0.1932
-0.0966
0.0966
0.7245
1.4007
0.966
0.5313
0.2898
0.1932
0.1449
0.0483
0.0483
0.0483
0.0483
0.0483
0.0483
0.0483
0.0483
0.0483
0.0483
0.0966
0.0966
0.1449
0.0966
0.0966
0.1449
0.1449
0.1449
0.1449
0.1932
0.1932
0.1932
0.1932
0.1932
0.2415
0.2415
0.2415
0.1932
0.1932
0.1449
0.0966
0.0966
0.0483
0.0483
0.0483
0.0483
0.0483
0.0483
0.0483
0
0.0483
0.0483
0.0483
0.0483
0.0483
0.0483
0
0.0483
0
0.0483
0.0483
0.0483
0.0483
0.0483
0
0
0.0483
0
0.0483
0.0483
0.0483
0.0483
0
0.0483
0
0.0483
0.0483
0.0483
0.0483
0.0483
0.0483
0.0483
0.0483
0
0.0483
0.0483
0
0.0483
0
0.0483
0.0483
0.0483
0
0
0.0483
0.0483
0.0483
0.0483
0
0
0.0483
0.0483
0.0483
0.0483
0.0483
0.0483
0
0.0483
0.0483
0.0483
0.0483
0.0483
0.0483
0.0483
0.0483
0.0966
0.0966
0.0966
0.1449
