-0.6762
-1.1109
-0.3381
-0.2898
-0.2898
-0.2415
-0.1449
-0.0966
-0.0966
-0.0483
0
-0.0483
0
-0.0483
0
0
0
0
0
-0.0483
-0.0483
-0.0483
0
-0.0483
0
-0.0483
0
-0.0483
0
-0.0483
0
0.0483
0
0
0
0.0483
0
0
0
0.0483
0
0
0
0.0483
0
0.0483
0
0
0
-0.0483
-0.0966
-0.0966
-0.1449
-0.1449
-0.0966
-0.0483
0
-0.0483
0
0.0483
0.0483
0.0483
0.0966
0.0483
0.0966
0.0483
0.0966
0.0483
-0.1932
-1.2075
-1.449
-1.4973
-1.3041
-0.483
-0.1932
-0.0966
-0.0483
0
0
0
0
0.0483
0
0
0
-0.0483
0
-0.0483
0
-0.0483
-0.0483
-0.0483
-0.0966
-0.0966
-0.1449
-0.1932
-0.2415
-0.2415
-0.2898
-0.2898
-0.2898
-0.3381
-0.3381
-0.3381
-0.2898
-0.2415
-0.1932
-0.1449
-0.0966
-0.0483
0
-0.0483
0
0.0483
0
0.0483
0
0.0483
0
0.0483
0
0.0483
0
0.0483
0.0483
0.0483
0.0483
0.0483
0
0.0483
0.0966
0.0483
0.0966
0.0483
0.0966
0.0483
0.0966
0.0483
0.0966
0.0483
0.0966
0.0483
0.0483
0.0483
0
0.0483
0.0966
0.0483
0.0483
0.0483
0
0
-0.0483
-0.0966
-0.0966
-0.0966
-0.0966
-0.0483
0
0.0483
0.0966
0.0483
0.0483
0.0483
0.0966
0.0483
0.0966
0.1449
0.0966
-0.0483
-0.5313
-1.3524
-1.449
-1.3524
-0.7728
-0.2898
-0.0966
-0.0483
0
0
0.0483
0.0483
0.0483
0.0483
0
0
0
-0.0483
0
-0.0483
0
-0.0483
-0.0483
-0.0483
-0.0966
-0.1449
-0.1449
-0.1449
-0.1932
-0.2415
-0.2898
-0.2898
-0.3381
-0.3381
-0.3381
-0.3381
-0.2898
-0.2415
-0.1932
-0.1449
-0.0966
-0.0483
-0.0483
0
0
0
0
0.0483
0
0
0
0
0
0
0
0
0
0
0
0.0483
0
0
0
0.0483
0
0.0483
0
0.0483
0.0483
0.0483
0.0483
0.0483
0.0483
0.0483
0
0.0483
0
0.0483
0.0483
0.0483
0
0.0483
0
-0.0483
-0.0966
-0.1449
-0.0966
-0.0966
-0.0966
-0.0483
0
0.0483
0
0.0483
0.0966
0.0483
0.0966
0.0483
0.0483
0.0966
0.0483
-0.4347
-1.2075
-1.4007
-1.1592
-1.1109
-0.3864
-0.1449
-0.0966
-0.0483
0
0.0483
0
0.0483
0
0
0
0
0
0
0
-0.0483
-0.0483
-0.0483
-0.0483
-0.0966
-0.1449
-0.1449
-0.1932
-0.2415
-0.2415
-0.2898
-0.2898
-0.3381
-0.2898
-0.3381
-0.2898
-0.2415
-0.1932
-0.1449
-0.0966
-0.0483
0
0
0
0.0483
0
0.0483
0
0
0
0.0483
0
0.0483
0
0.0483
0.0483
0.0483
0.0483
0.0483
0
0.0483
0.0483
0.0483
0.0966
0.0483
0.0483
0.0483
0.0483
0.0483
0.0966
0.0483
0.0483
0.0483
0.0966
0.0483
0.0966
0.0483
0.0966
0.0483
0.0483
0.0483
0.0966
0.0966
0.0966
0.0483
0.0966
0.0483
0.0966
0.0966
0.0966
0.0966
0.0966
0.0966
0.0966
0.0966
0.0966
0.0966
0.0966
0.0966
0.0966
0.1449
0.0966
0.1449
0.1449
0.1449
0.0966
0.1449
0.0966
0.1449
0.0966
0.1449
0.0966
0.0966
0.0966
0.0483
0
0.0483
0
0.0483
0.0483
