-0.0966
-0.0483
-0.0483
0
0.0483
0.0483
0.0483
0
-0.0483
-0.0966
-0.0966
-0.0966
-0.1449
-0.0966
-0.1449
-0.1449
-0.1449
-0.1932
-0.2415
-0.1449
0.1449
1.6422
1.7388
1.1109
0.5313
0.2415
0.0966
0
-0.0483
-0.0483
-0.0966
-0.0966
-0.0483
-0.0966
-0.0483
-0.0483
-0.0483
-0.0483
0
0
-0.0483
0
0
0
0.0483
0.0966
0.0966
0.1449
0.1449
0.1932
0.2415
0.2898
0.2898
0.2898
0.2898
0.2415
0.1932
0.1449
0.0966
0.0483
0
-0.0483
-0.0483
-0.0966
-0.0966
-0.0966
-0.0966
-0.0966
-0.0483
-0.0966
-0.0966
-0.1449
-0.1449
-0.1449
-0.1449
-0.1449
-0.1449
-0.1449
-0.1449
-0.0966
-0.1449
-0.1449
-0.1449
-0.1449
-0.0966
-0.1449
-0.1449
-0.1449
-0.1449
-0.1449
-0.1449
-0.1449
-0.1449
-0.1449
-0.1449
-0.1449
-0.0966
-0.0966
-0.0483
0
0.0483
0.0483
0.0483
0
0
0
-0.0483
-0.0966
-0.1449
-0.0966
-0.1449
-0.1449
-0.1449
-0.1449
-0.1932
-0.1932
-0.0483
0
1.2558
1.8837
1.2075
0.5313
0.2415
0.1932
0.0483
0
-0.0483
-0.0483
-0.0483
-0.0483
0
-0.0483
-0.0483
-0.0483
0
0
0
0.0483
0
0.0483
0.0483
0.0966
0.1449
0.1932
0.1932
0.2415
0.2898
0.2898
0.3381
0.3864
0.3381
0.3381
0.2898
0.1932
0.1449
0.0966
0.0483
0
0
0
0
0
0
0
-0.0483
0
-0.0483
-0.0483
-0.0483
-0.0483
-0.0483
-0.0483
-0.0483
-0.0966
-0.0483
-0.0483
-0.0483
-0.0483
-0.0483
-0.0483
-0.0483
-0.0966
-0.0966
-0.0483
-0.0483
-0.0966
-0.0483
-0.0966
-0.0966
-0.0966
-0.0966
-0.0966
-0.0483
-0.0483
-0.0966
-0.0483
-0.0483
0
0.0483
0.0966
0.0483
0.0966
0.0966
0.0966
0.0483
0
-0.0483
-0.0966
-0.0483
-0.0966
-0.0483
-0.0483
-0.0483
-0.0966
-0.1449
-0.0966
0
1.0143
2.0286
1.2558
0.5796
0.3381
0.1932
0.0966
0.0483
0.0483
0.0483
0.0483
0
0.0483
0.0483
0
0
0.0483
0.0483
0.0483
0.0966
0.0966
0.0966
0.1449
0.1449
0.1449
0.1932
0.2415
0.2898
0.3381
0.3381
0.3864
0.4347
0.3864
0.3864
0.3864
0.3381
0.2898
0.2415
0.1932
0.1449
0.0966
0.0483
0.0483
0.0483
0.0483
0.0483
0.0483
0
0
0
0
0
0
0
0
0
0.0483
0
0
0.0483
0
0
0
0
-0.0483
0
-0.0483
0
0
-0.0483
-0.0483
0
0
0
0
0
-0.0483
-0.0483
0
0
0.0483
0.0966
0.0966
0.1449
0.1449
0.1449
0.1449
0.1449
0.0966
0.0483
0
0
0
-0.0483
-0.0483
-0.0483
-0.0483
-0.0483
-0.0966
-0.1449
-0.0483
0.483
1.7388
1.5939
0.7728
0.3864
0.2898
0.2415
0.1449
0.1449
0.0966
0.0483
0.0483
0.0483
0.0966
0.0966
0.0966
0.0966
0.1449
0.1449
0.1449
0.1449
0.1449
0.1932
0.2415
0.2415
0.2898
0.3381
0.3864
0.3864
0.3864
0.4347
0.4347
0.4347
0.4347
0.3864
0.3864
0.2898
0.1932
0.1932
0.1449
0.0966
0.0966
0.0966
0.0966
0.0966
0.0966
0.0966
0.0966
0.0483
0.0966
0.0966
0.1449
0.1449
0.1449
0.0966
0.0966
0.0966
0.0966
0.0966
0.0966
0.0966
0.0966
0.0966
0.0966
0.0966
0.0966
0.0966
0.0966
0.0966
