0.0966
0.1449
0.1449
0.1932
0.1449
0.0966
0.0483
0
-0.0483
-0.0483
-0.0483
0
-0.0483
-0.0483
-0.0483
-0.0483
-0.0483
0.0483
0.2898
0.8694
0.966
0.3864
0.0966
0
-0.0483
-0.0966
-0.0966
-0.0966
-0.1449
-0.0966
-0.1449
-0.0966
-0.1449
-0.0966
-0.1449
-0.0966
-0.1449
-0.1449
-0.1449
-0.0966
-0.0966
-0.0966
-0.0483
0
0
0.0483
0.0966
0.0966
0.1449
0.1932
0.1932
0.1932
0.1449
0.0966
0.0483
0
-0.0483
-0.0966
-0.0966
-0.1449
-0.1449
-0.1932
-0.1449
-0.1932
-0.2415
-0.1932
-0.1932
-0.1932
-0.1932
-0.1932
-0.1932
-0.1932
-0.1932
-0.1932
-0.2415
-0.1932
-0.2415
-0.1932
-0.2415
-0.2415
-0.2415
-0.2415
-0.2415
-0.2415
-0.2415
-0.1932
-0.2415
-0.2415
-0.2415
-0.2415
-0.2415
-0.2415
-0.2415
-0.2415
-0.2415
-0.1932
-0.1932
-0.1449
-0.0966
-0.0483
-0.0966
-0.1449
-0.1932
-0.1932
-0.2415
-0.2415
-0.2415
-0.2898
-0.2898
-0.2898
-0.2898
-0.2898
-0.2415
-0.1932
-0.0966
0.0483
0.5796
0.8694
0.3381
-0.0483
-0.1449
-0.1932
-0.1449
-0.1932
-0.1932
-0.1932
-0.1932
-0.1932
-0.1449
-0.1932
-0.1449
-0.1449
-0.1449
-0.1449
-0.1449
-0.0966
-0.0966
-0.0966
-0.0483
-0.0483
0
0.0483
0.0966
0.1449
0.1932
0.1932
0.2415
0.2898
0.2415
0.2415
0.1932
0.1449
0.0483
0
-0.0483
0
-0.0483
-0.0966
-0.0966
-0.0966
-0.0966
-0.0966
-0.0966
-0.0966
-0.0966
-0.0966
-0.0966
-0.0966
-0.0483
-0.0966
-0.0966
-0.0966
-0.0483
-0.0966
-0.0966
-0.0966
-0.1449
-0.0966
-0.0966
-0.0966
-0.1449
-0.0966
-0.0966
-0.0966
-0.1449
-0.0966
-0.0966
-0.0966
-0.1449
-0.0966
-0.0966
-0.0966
-0.0966
-0.0966
-0.0966
-0.0483
0
0.0483
0.0483
0.0966
0.0483
0
-0.0483
-0.0483
-0.0966
-0.0966
-0.0966
-0.0966
-0.0966
-0.0966
-0.0966
-0.0966
-0.0483
0.0483
0.1932
0.6279
1.0626
0.5796
0.1932
0.0966
0.0483
0.0483
0
0
0
0
0
0
0.0483
0.0483
0.0483
0.0483
0.0483
0.0966
0.0966
0.0966
0.0966
0.0966
0.1449
0.1932
0.2415
0.2898
0.3381
0.3864
0.3864
0.4347
0.4347
0.4347
0.4347
0.3864
0.3381
0.2898
0.2415
0.1932
0.1932
0.1449
0.1449
0.0966
0.0966
0.0966
0.0966
0.0966
0.0966
0.0966
0.1449
0.0966
0.1449
0.0966
0.1449
0.0966
0.1449
0.0966
0.0966
0.0966
0.1449
0.0966
0.1449
0.0966
0.0966
0.0966
0.0966
0.0966
0.0483
0.0966
0.0483
0.0483
0.0483
0.0966
0.0966
0.0966
0.0966
0.0966
0.0483
0.0966
0.0483
0.0483
0.0966
0.1449
0.1932
0.1932
0.1932
0.1932
0.1449
0.0966
0.0483
0.0483
0
0
0.0483
0
0.0483
0
0.0483
0.0483
0.0483
0.7245
1.0626
0.8694
0.3381
0.1932
0.0966
0.0483
0.0483
0.0483
0.0483
0.0483
0
0.0483
0
0.0483
0
0.0483
0
0.0483
0.0483
0.0483
0.0483
0.0483
0.0966
0.1449
0.1449
0.1932
0.2415
0.2898
0.2898
0.3381
0.2898
0.3381
0.2898
0.2898
0.2415
0.1932
0.1449
0.0966
0.0483
0.0483
0
0.0483
0
0
0
0
0
0.0483
0.0483
0.0483
0.0483
0.0483
0.0483
0.0483
0
0
0
0
0
0
0
0
0
-0.0483
0
-0.0483
-0.0483
