-0.0483
-0.0483
-0.0483
0
-0.0483
-0.0483
0
0
0
0
0
0.0483
0.0966
0.0483
-0.2415
-0.8694
-0.966
-0.9177
-0.8211
-0.3381
-0.1932
-0.1449
-0.1449
-0.0966
-0.0966
-0.0966
-0.0966
-0.0966
-0.0966
-0.1449
-0.1449
-0.1449
-0.1449
-0.1449
-0.1449
-0.1449
-0.1449
-0.1449
-0.1932
-0.1449
-0.0966
-0.0966
-0.0966
-0.1449
-0.1449
-0.1449
-0.1449
-0.1932
-0.1932
-0.1932
-0.1932
-0.1932
-0.1932
-0.1932
-0.1932
-0.1449
-0.1449
-0.1932
-0.1449
-0.1932
-0.1932
-0.1449
-0.1449
-0.1449
-0.1449
-0.0966
-0.1449
-0.0966
-0.1449
-0.1449
-0.0966
-0.1449
-0.1449
-0.1449
-0.1449
-0.1449
-0.1449
-0.1449
-0.1449
-0.1449
-0.1449
-0.1449
-0.1449
-0.1449
-0.1449
-0.1449
-0.1449
-0.1449
-0.1449
-0.1449
-0.1449
-0.1449
-0.1449
-0.1449
-0.1449
-0.1449
-0.1449
-0.1932
-0.2415
-0.1932
-0.1932
-0.1932
-0.1932
-0.1932
-0.1932
-0.1449
-0.1449
-0.0483
0
0.0483
0
-0.3381
-1.0143
-1.1109
-0.966
-0.9177
-0.483
-0.2898
-0.1932
-0.1932
-0.1449
-0.1449
-0.1449
-0.0966
-0.1449
-0.0966
-0.0966
-0.0966
-0.1449
-0.0966
-0.1449
-0.1449
-0.0966
-0.1449
-0.0966
-0.0966
-0.0966
-0.0966
-0.0483
-0.0483
-0.0483
-0.0483
-0.0483
-0.0966
-0.0966
-0.0966
-0.0966
-0.0966
-0.0483
-0.0966
-0.0483
-0.0483
-0.0483
-0.0483
-0.0483
-0.0966
-0.0483
-0.0483
-0.0483
-0.0483
-0.0483
-0.0483
0
0
0
0
0
0
-0.0483
0
-0.0483
-0.0483
-0.0483
-0.0483
-0.0483
-0.0483
-0.0483
-0.0483
-0.0483
-0.0483
0
0
0
0
-0.0483
0
-0.0483
0
0
0
0
0
0
0
0.0483
0
-0.0483
-0.0483
-0.0483
0
0
-0.0483
-0.0483
0
0
0
0.0966
0.1449
0.1932
0.2415
-0.1449
-0.8211
-0.9177
-0.9177
-0.7728
-0.3381
-0.1449
-0.0483
-0.0483
0
0
0
0.0483
0
0.0483
0.0483
0.0483
0.0483
0.0483
0.0483
0
0.0483
0
0.0483
0.0966
0.0966
0.0966
0.0966
0.1449
0.0966
0.1449
0.0966
0.0966
0.0966
0.0966
0.0966
0.0966
0.0966
0.0966
0.0966
0.0966
0.0966
0.0966
0.1449
0.0966
0.0966
0.1449
0.1449
0.1449
0.1932
0.1932
0.1932
0.1932
0.1932
0.1932
0.1932
0.1449
0.1932
0.1449
0.1449
0.1449
0.1932
0.1932
0.1449
0.1932
0.1449
0.1449
0.1932
0.1932
0.1932
0.1932
0.1932
0.1449
0.1932
0.1932
0.1449
0.1932
0.1449
0.1932
0.1449
0.1449
0.1449
0.1449
0.1449
0.1449
0.1932
0.1449
0.0966
0.0966
0.0966
0.1449
0.0966
0.1449
0.1449
0.1449
0.1449
0.1449
0.1449
0.1932
0.2415
0.2898
0.1932
-0.3381
-0.5796
-0.6762
-0.5796
-0.2898
-0.0483
0
0.0483
0.0483
0.0966
0.0483
0.0966
0.0966
0.0483
0.0483
0.0483
0.0483
0
0.0483
0
0
0
0
0
0
0.0483
0
0.0483
0.0483
0.0483
0
0
0
0
0
0
0.0483
0.0483
0.0483
0.0483
0.0483
0.0483
0.0483
0.0966
0.0483
0.0483
0.0483
0.0483
0.0966
0.0966
0.0483
0.0483
0.0483
0.0483
0.0483
0.0483
0.0483
0.0483
0.0483
0.0483
0.0483
0.0483
0.0483
0.0483
0.0483
0
0
0
0.0483
