0.0966
0.0483
0.0966
0.1449
0.0966
0.0966
0.0966
0.0966
0.0966
0.0483
0.0483
0.0483
0
0
0
0
0
-0.0483
0
-0.0483
-0.0483
-0.0483
-0.0483
-0.0483
0
-0.0483
-0.0483
-0.0483
-0.0483
-0.0483
-0.0966
-0.0483
-0.0483
-0.0483
-0.0966
-0.0483
-0.0966
-0.0483
-0.0483
-0.0483
-0.0483
-0.0483
0
0
0.0483
0.0966
0.0966
0.0483
0
-0.0483
-0.0483
-0.0483
-0.0966
-0.1449
-0.0966
-0.0966
-0.0966
-0.0483
0.0483
0.2415
0.483
-0.0483
-0.8694
-1.7871
-1.449
-0.7728
-0.1449
0
0.0483
0.0966
0.1449
0.1932
0.1932
0.2415
0.2415
0.2898
0.2415
0.2898
0.3381
0.3864
0.3864
0.3864
0.4347
0.483
0.5313
0.5796
0.6279
0.5796
0.6279
0.6762
0.6279
0.5796
0.5313
0.483
0.3381
0.2898
0.2415
0.1449
0.1449
0.0966
0.0966
0.0966
0.0483
0.0966
0.0483
0.0966
0.0966
0.0966
0.1449
0.0966
0.1449
0.0966
0.1449
0.0966
0.1449
0.0966
0.1449
0.0966
0.0966
0.0966
0.0483
0.0483
0.0483
0.0483
0.0483
0
0.0483
0
0.0483
0
0
0
0.0483
0
0
0
0
0
0
0
-0.0483
0
0
0
-0.0483
0
-0.0483
0
-0.0483
0
-0.0483
0
-0.0483
0
-0.0483
0
-0.0483
0
-0.0483
0
-0.0483
0
0
0.0483
0.0483
0.0966
0.0966
0.0483
0
-0.0483
-0.0483
-0.0966
-0.0483
-0.0966
-0.0966
-0.0966
-0.0483
-0.0966
0
0.1449
0.3381
0.2898
-0.6279
-1.5939
-1.6905
-1.6422
-1.1109
-0.3864
-0.0483
0.0483
0.0966
0.0966
0.1449
0.1932
0.1932
0.1932
0.1932
0.2415
0.2415
0.2898
0.2898
0.2898
0.3381
0.3381
0.3864
0.4347
0.4347
0.483
0.5313
0.483
0.5313
0.483
0.483
0.4347
0.3381
0.2898
0.2415
0.0966
0.0966
0.0483
0.0483
0
0.0483
0
0
0
-0.0483
0
-0.0483
0
0.0483
0
0.0483
0
0
0
-0.0483
0
-0.0483
-0.0483
-0.0483
-0.0483
-0.0483
-0.0966
-0.1449
-0.1449
-0.1449
-0.1449
-0.1449
-0.0966
-0.1449
-0.1449
-0.1449
-0.1449
-0.1449
-0.1449
-0.1449
-0.1932
-0.1449
-0.1449
-0.0966
-0.0483
-0.0483
0
-0.0483
-0.0966
-0.1449
-0.1932
-0.1932
-0.2415
-0.2415
-0.1932
-0.2415
-0.1932
-0.1449
-0.0966
0
0.1932
0.2415
-0.3864
-1.5456
-1.6905
-1.5456
-1.3041
-0.5796
-0.0966
-0.0483
0
0
0.0483
0.0483
0.0966
0.1449
0.1449
0.1449
0.1449
0.1449
0.1932
0.2415
0.2898
0.2415
0.2898
0.3381
0.3864
0.4347
0.3864
0.4347
0.3864
0.3864
0.3864
0.3381
0.2898
0.2415
0.1932
0.0483
0.0483
0.0483
0
0.0483
0
-0.0483
0
0.0483
0
0.0483
0
0.0483
0.0966
0.0483
0.0966
0.0483
0.0483
0.0483
0
0.0483
0
0
0
0
0
-0.0483
0
-0.0483
0
-0.0483
0
-0.0483
0
-0.0483
0
-0.0483
0
-0.0483
-0.0483
-0.0483
0
-0.0483
0
0
0.0483
0.0966
0.0966
0.1449
0.0966
0.0483
-0.0483
-0.0483
-0.0966
-0.0483
-0.0966
-0.0483
-0.0966
-0.0483
0
0.0483
0.1449
0.3864
0.483
-0.0483
-1.5939
-1.7388
-1.6422
-1.2558
-0.483
0
0.0966
0.1449
0.1449
0.1932
0.1932
0.2415
0.2898
0.2898
