0
0
-0.0483
-0.0483
-0.0483
-0.0966
-0.1449
-0.0966
-0.1449
-0.1449
-0.1449
-0.1449
-0.1449
-0.1449
-0.1449
-0.1449
-0.1449
-0.1932
-0.1449
-0.1932
-0.1449
-0.1932
-0.1449
-0.1932
-0.1449
-0.1932
-0.1932
-0.1932
-0.1932
-0.1932
-0.1449
-0.1449
-0.0966
-0.0483
0
-0.0483
-0.0966
-0.0966
-0.1449
-0.1932
-0.1932
-0.1932
-0.2415
-0.1932
-0.1932
-0.1932
-0.1449
0
0.0483
0.6762
1.7388
2.1252
0.2415
0.1932
-0.0483
0.0966
0.1449
0.1449
0.1449
0.1449
0.1932
0.1932
0.2415
0.2898
0.3381
0.3381
0.3381
0.3864
0.483
0.5313
0.6279
0.6762
0.7245
0.8694
0.9177
0.966
1.0626
1.1109
1.1592
1.1592
1.1109
1.0626
0.966
0.8694
0.7728
0.6279
0.483
0.3381
0.2415
0.1932
0.1449
0.0966
0.0483
0.0966
0.0483
0.0966
0.0483
0.0966
0.0483
0.0966
0.0483
0.0966
0.0483
0.0966
0.0483
0.0483
0.0483
0.0483
0
0
-0.0483
-0.0483
-0.0483
-0.0966
-0.0483
-0.0966
-0.0483
-0.0966
-0.0966
-0.0966
-0.0966
-0.0966
-0.0966
-0.0966
-0.0966
-0.0966
-0.1449
-0.0966
-0.0966
-0.0966
-0.0966
-0.0966
-0.0966
-0.0966
-0.0966
-0.0966
-0.0966
-0.0966
-0.1449
-0.0966
-0.1449
-0.0966
-0.0966
-0.0966
-0.0966
-0.0966
-0.0966
-0.0966
-0.1449
-0.0966
-0.0966
-0.0966
-0.0483
0
0
0
0.0483
0
-0.0483
-0.0966
-0.0966
-0.0966
-0.1449
-0.1932
-0.1932
-0.1932
-0.1449
-0.1449
-0.0483
0.0483
0.2898
1.2558
1.8354
0.8211
0
-0.0966
0
0.0966
0.1449
0.1449
0.1932
0.1932
0.1932
0.2415
0.2415
0.2898
0.3381
0.3864
0.4347
0.483
0.5313
0.5796
0.6279
0.6762
0.7728
0.8694
0.9177
1.0143
1.0626
1.0626
1.1109
1.0626
1.0143
0.966
0.8211
0.6279
0.5313
0.483
0.3381
0.2898
0.1449
0.0966
0.0483
0.0483
0.0483
0
0.0483
0
0.0483
0.0483
0.0483
0.0483
0.0483
0.0483
0.0483
0
0
0
0
-0.0483
-0.0483
-0.0966
-0.0966
-0.0966
-0.1449
-0.1449
-0.1449
-0.1449
-0.1449
-0.1449
-0.1449
-0.1932
-0.1932
-0.1932
-0.1932
-0.1932
-0.1932
-0.1932
-0.1449
-0.1449
-0.0966
-0.0483
-0.0483
-0.0483
-0.0966
-0.1449
-0.1449
-0.1932
-0.2415
-0.1932
-0.2415
-0.2415
-0.2415
-0.1932
-0.1932
-0.0966
0
0.2898
1.1592
1.6905
0.4347
-0.1449
-0.2415
-0.1449
0.0483
0.0966
0.1449
0.1932
0.1932
0.1932
0.2415
0.2898
0.3381
0.3381
0.3381
0.3864
0.4347
0.483
0.5313
0.6279
0.7245
0.7728
0.8211
0.9177
1.0143
1.0626
1.1109
1.1109
1.0626
1.0143
0.9177
0.8211
0.6762
0.5796
0.4347
0.3864
0.2415
0.1932
0.1449
0.0966
0.0483
0.0966
0.0483
0.0966
0.0483
0.0966
0.0966
0.0966
0.1449
0.0966
0.0966
0.0966
0.0966
0.0483
0.0483
0.0483
0
0
-0.0483
0
-0.0483
0
-0.0483
-0.0483
-0.0483
-0.0483
-0.0483
-0.0966
-0.0483
-0.0966
-0.0483
-0.0966
-0.0483
-0.0966
-0.1449
-0.0966
-0.0966
-0.0966
-0.0483
0
0.0483
0.0483
0
-0.0483
-0.0483
-0.0966
-0.1449
-0.1449
-0.1449
-0.1932
-0.1932
-0.1932
-0.1932
-0.1449
-0.0483
0.0483
0.2898
1.2075
1.9803
0.8694
0.0966
-0.0966
0.0966
0.1932
0.1932
0.1932
0.1932
0.2415
0.2415
0.2898
0.2898
0.9177
