-0.1449
-0.1449
-0.0966
-0.1449
-0.1449
-0.1449
-0.0966
-0.1449
-0.1449
-0.1449
-0.0966
-0.1449
-0.0966
-0.0966
-0.0966
-0.0483
0
0
-0.0483
-0.0483
-0.0966
-0.1449
-0.1449
-0.1449
-0.1932
-0.1932
-0.1932
-0.1449
-0.1932
-0.1449
-0.0483
0.3381
1.3524
2.3184
1.1592
0.0966
0
0.0483
0.0966
0.1449
0.0966
0.0966
0.0966
0.1449
0.1449
0.1932
0.1932
0.2415
0.2898
0.3381
0.3864
0.3864
0.483
0.5313
0.5796
0.6279
0.7728
0.8211
0.8694
0.9177
0.966
1.0143
0.966
0.9177
0.8694
0.8211
0.7245
0.6279
0.483
0.4347
0.2898
0.2415
0.1449
0.0966
0.0483
0.0483
0.0483
0.0483
0
0.0483
0.0483
0.0483
0.0483
0.0483
0.0483
0.0483
0.0483
0.0483
0
0.0483
0
0
0
-0.0483
-0.0483
-0.0483
-0.0966
-0.0483
-0.0966
-0.0483
-0.0966
-0.0483
-0.0966
-0.0483
-0.0966
-0.0966
-0.0966
-0.0966
-0.0966
-0.0966
-0.0966
-0.0966
-0.0966
-0.0966
-0.0966
-0.0966
-0.0966
-0.0966
-0.0966
-0.0966
-0.0966
-0.0966
-0.0966
-0.1449
-0.0966
-0.0966
-0.0966
-0.0966
-0.0966
-0.0966
-0.0966
-0.0966
-0.0966
-0.0483
-0.0483
-0.0483
0
0.0483
0.0483
0
0
-0.0483
-0.0966
-0.0966
-0.0966
-0.1449
-0.1932
-0.1449
-0.1449
-0.1449
-0.0966
0
0.1932
0.9177
2.2218
1.4973
0.2415
0.1449
0.0483
0.0966
0.0966
0.1449
0.0966
0.1449
0.1449
0.1449
0.1932
0.2415
0.2415
0.2415
0.2898
0.3381
0.3864
0.4347
0.483
0.5313
0.5796
0.6279
0.7245
0.7728
0.8211
0.8694
0.9177
0.9177
0.8694
0.8211
0.7728
0.6279
0.5313
0.4347
0.3864
0.2415
0.1449
0.0966
0.0483
0.0483
0
0
0
0
0
0.0483
0
0.0483
0
0
0
-0.0483
0
-0.0483
0
-0.0483
-0.0966
-0.0966
-0.0966
-0.1449
2.7531
-0.1449
-0.1932
-0.1449
-0.1932
2.7531
-0.1932
-0.1449
2.8014
-0.1932
-0.1932
-0.1932
-0.1932
-0.1932
-0.1932
-0.1449
-0.1449
-0.0966
-0.0483
-0.0483
-0.0966
-0.1449
-0.1932
-0.1932
-0.2415
-0.2415
-0.2415
-0.2415
-0.2415
-0.2415
-0.1932
-0.1449
-0.0483
0.1449
1.1592
2.0769
1.0626
0.0966
-0.0966
0
0.0483
0.0483
0.0966
0.0966
0.1449
0.1449
0.1449
0.1932
0.1932
0.2415
0.2415
0.2898
0.3381
0.3381
0.3864
0.4347
0.483
0.6279
0.6762
0.7245
0.7728
0.8211
0.8694
0.9177
0.9177
0.8694
0.8211
0.7245
0.6762
0.6279
0.4347
0.2898
0.1932
0.1449
0.0966
0.0483
0.0966
0.0483
0
0.0483
0.0483
0.0483
0.0966
0.0483
0.0966
0.0483
0.0966
0.0483
0.0966
0.0483
0
0
0
0
0
-0.0483
-0.0483
-0.0483
-0.0483
-0.0483
-0.0483
-0.0483
-0.0483
-0.0483
-0.0966
-0.0483
-0.0966
-0.0483
-0.0966
-0.0483
-0.0966
-0.0966
-0.0966
-0.0483
-0.0483
0
0.0483
0.0483
0.0483
0
-0.0483
-0.0483
-0.0966
-0.0966
-0.1449
-0.1449
-0.1449
-0.1449
-0.1449
-0.1449
-0.0966
0
0.1932
1.2075
2.2218
1.4007
0.3381
0.1449
0.0966
0.1449
0.1449
0.1932
0.1449
0.1932
0.1932
0.1932
0.2415
