2.2701
-0.1932
-0.2415
-0.2898
-0.2415
-0.2898
-0.2415
-0.2898
-0.3381
-0.2898
-0.2415
-0.2898
-0.2415
-0.1449
0
0.6762
1.6905
1.4973
0.5796
0
-0.0483
0
0
0
0.0483
0.0966
0.0483
0.0966
0.1449
0.1932
0.2415
0.1932
0.2415
0.2898
0.3381
0.4347
0.5313
0.5796
0.6279
0.6762
0.7245
0.7728
0.7245
0.6762
0.6279
0.5313
0.4347
0.3381
0.2415
0.1932
0.0483
0
-0.0483
-0.0483
-0.0483
-0.0966
-0.0483
-0.0966
-0.0483
-0.0966
-0.0483
-0.0966
-0.0483
-0.0966
-0.0483
-0.0966
-0.0483
-0.0966
-0.0483
-0.0966
-0.1449
-0.1449
-0.1449
-0.1932
-0.1449
-0.1932
-0.1449
-0.1932
-0.1449
-0.1932
-0.1932
-0.2415
-0.2415
-0.1932
-0.1932
3.2361
-0.1449
-0.1932
-0.1449
-0.0966
-0.0483
-0.0966
-0.0483
-0.0966
-0.1449
-0.1932
-0.2415
-0.2415
-0.2415
-0.2898
-0.2415
-0.2898
-0.2415
-0.2415
-0.2415
-0.1449
0.0483
0.3864
2.1735
2.0286
1.1109
1.2558
0
0.0483
0
0.0483
0
0.0483
2.3667
0.0966
0.0966
0.1449
0.1932
0.1449
0.1932
0.2415
0.2898
0.3381
2.3667
0.4347
0.483
0.6279
0.6762
2.3667
0.7728
0.8211
0.7728
0.8211
0.7728
0.7245
0.6762
0.483
0.3864
0.2898
0.1932
0.1449
0.0966
0.0483
0
-0.0483
2.3667
-0.0483
-0.0966
-0.0483
0
-0.0483
0
-0.0483
0
0
0
-0.0483
0
-0.0483
-0.0966
-0.0483
-0.0966
-0.0966
-0.0966
-0.1449
-0.1449
-0.1449
-0.1932
2.3667
-0.0966
-0.1449
-0.1932
-0.1449
-0.1932
-0.1449
-0.1932
-0.1449
-0.1932
-0.1449
-0.0966
-0.0483
0
-0.0483
-0.0966
-0.1449
-0.1932
-0.1449
-0.1932
-0.2415
-0.2415
-0.2415
-0.2415
-0.2415
-0.1932
-0.2415
-0.1449
0.0483
0.8694
2.5599
2.1735
0.3381
0.1932
0.0483
0.0483
0.0483
0.0966
0.0483
0
0.0483
0.0966
0.0966
0.0966
0.1449
0.1932
0.1932
0.1932
0.2415
1.1109
0.3381
0.3864
0.4347
0.483
0.5313
0.5796
0.6279
0.7245
0.7728
0.7728
0.7245
0.7728
0.7245
0.6762
0.483
0.3864
0.3381
0.1932
0.1449
0.0966
0.0483
0
1.2075
0
-0.0483
0
-0.0483
0
-0.0483
0
-0.0483
0
-0.0483
0
-0.0483
0
-0.0483
0
-0.0483
-0.0966
-0.0483
-0.0966
-0.0966
-0.0966
-0.1449
-0.1449
-0.1449
-0.0966
-0.1449
-0.0966
-0.1449
-0.1449
-0.1449
-0.0966
-0.1449
-0.0966
-0.1449
-0.0966
-0.1449
-0.0966
-0.0483
-0.0483
-0.0483
0
-0.0483
-0.0966
-0.0966
-0.0966
-0.1449
-0.1932
-0.1449
-0.1932
-0.1449
-0.1932
-0.1449
-0.0966
-0.1449
-0.0483
0.2415
1.0626
2.6082
2.0769
0.0966
0
0.0483
0.0966
0.0483
0.0483
0.0483
0.0966
0.0483
2.3184
0.1449
0.1932
0.1449
0.1932
0.2415
0.1932
0.2415
0.2898
0.3381
0.3864
0.483
0.5313
0.6279
0.6762
0.7245
0.7728
0.8211
0.8694
0.8211
0.7728
0.7245
0.6762
0.5313
0.483
0.2898
0.1932
0.1449
0.0966
0.0483
0
0.0483
0
0.0483
0
0.0483
0
0.0483
0
0.0483
0
0.0483
0
0.0483
0
0
0
-0.0483
0
-0.0483
-0.0966
-0.0483
-0.0966
-0.0483
-0.0966
-0.0483
-0.0966
-0.0483
-0.0966
-0.1449
-0.0966
-0.1449
-0.0966
-0.0966
