-0.0483
-0.0483
-0.0966
-0.0483
-0.0966
-0.1449
-0.1932
-0.1449
-0.1932
-0.2415
-0.1932
-0.1449
-0.1932
-0.1932
-0.1932
-0.0966
0.3864
1.8354
2.7048
1.449
0.0483
-0.0483
0
0.0483
0
-0.0483
0
0
0
0.0483
0
0.0483
0.0966
0.0483
0.0966
0.1449
0.1932
0.1449
0.1932
0.2415
0.3864
0.4347
0.483
0.5313
0.5796
0.6279
0.6762
0.7245
0.6762
0.6279
0.5796
0.5313
0.4347
0.3381
0.2898
0.1449
0.0966
0.0483
0
-0.0483
0
-0.0483
-0.0483
-0.0483
-0.0966
-0.0483
-0.0966
-0.0483
-0.0483
-0.0483
-0.0483
-0.0483
-0.0483
-0.0483
-0.0966
-0.0483
-0.0966
-0.0483
-0.0966
-0.0966
-0.0966
-0.1449
-0.0966
-0.1449
-0.0966
-0.1449
-0.1932
-0.1932
-0.1932
-0.1449
-0.1449
-0.1449
-0.0966
-0.1449
-0.0966
-0.0483
0
-0.0483
-0.0966
-0.0966
-0.1449
-0.1449
-0.1932
-0.1449
-0.1932
-0.1449
-0.1932
-0.1449
-0.1932
-0.1449
-0.1932
-0.0966
0.6762
1.7388
3.0429
1.9803
0.1932
0.1449
0
0.0483
0
0
0
0.0483
0
0.0483
0.0966
0.1449
0.0966
0.1449
0.1932
0.1449
0.1932
0.2415
0.2898
0.3381
0.3864
2.7531
0.483
0.5796
0.6762
0.6762
0.6762
0.7245
0.7728
0.7245
0.6762
0.6279
0.483
0.4347
0.2898
0.2415
0.1932
0.0966
0.0966
0.0483
0
0
0
0
0
0.0483
0
0.0483
0.0483
0.0483
0.0966
0.0483
0.0483
0.0483
0
0.0483
0
-0.0483
0
-0.0483
-0.0966
-0.0483
-0.0966
-0.0483
-0.0966
-0.0483
-0.0966
-0.0483
-0.0966
-0.0483
-0.0966
-0.0483
-0.0966
-0.0483
-0.0483
0
0
0.0483
0
-0.0483
-0.0966
-0.1449
-0.0966
-0.1449
-0.1932
-0.1449
-0.1932
-0.1449
-0.1449
-0.1449
-0.1932
-0.0966
0.3864
2.7531
2.415
1.0143
0.1449
0.0483
0.0483
0.0483
0.0483
0.0483
0
0.0483
0
0.0483
0.0966
0.0483
0.0966
0.1449
0.1932
0.1449
0.1932
0.2415
0.2898
0.3381
0.3864
0.4347
0.483
0.5313
0.6279
0.6762
0.6762
0.7245
0.7245
0.7245
0.6279
0.5313
0.4347
0.2898
0.1932
0.1449
0.0966
0.0483
0.0483
0.0483
0
0.0483
0
0
0
0
0
0.0483
0
0.0483
0
0
0
0.0483
0
-0.0483
0
-0.0483
0
-0.0483
-0.0966
-0.0483
-0.0966
-0.0483
-0.0966
-0.0483
-0.0966
-0.0483
-0.0966
-0.0483
-0.0966
-0.1449
-0.0966
-0.0483
-0.0966
-0.0483
-0.0966
-0.0483
0
0.0483
0
0.0483
0
-0.0483
-0.0966
-0.0966
-0.0966
-0.1449
-0.0966
-0.1449
-0.0966
-0.0483
-0.0966
-0.1449
0
0.0483
0.6762
2.6565
2.5116
0.5313
0.2415
0.1449
0.0966
0.0483
0.0966
0.0483
0.0966
0.0483
0.0966
0.1449
0.0966
0.1449
0.1449
0.1932
0.1932
0.2415
0.1932
0.2415
0.2898
0.3381
0.3864
0.4347
0.5313
0.6279
0.6762
0.7245
0.7728
0.8211
0.7728
0.7245
0.6762
0.5796
0.4347
0.3381
0.2898
0.1449
0.0966
0.0483
0.0966
0.0483
0.0966
0.0483
0.0966
0.0483
0.0483
0.0483
0
0.0483
0
0.0483
0
0.0483
0.0483
0.0483
0
0
0
-0.0483
0
-0.0483
0
-0.0483
0
-0.0483
-0.0483
-0.0483
-0.0966
