-0.0483
-0.0483
-0.0483
-0.0966
-0.1449
-0.1932
-0.1449
-0.1932
-0.2415
-0.2415
-0.2415
-0.1932
-0.2415
-0.1932
-0.2415
-0.1449
0.2415
0.8694
2.5599
1.0626
0.0966
0
-0.0483
0
0
0
-0.0483
0
0.0483
0
0.0483
0.0966
0.0483
0.0966
0.1449
0.1449
0.1449
0.1932
0.2415
0.2898
0.3381
0.3864
0.4347
0.5313
0.5796
0.6279
0.6762
0.6762
0.7245
0.6762
0.5796
0.483
0.3864
0.2898
0.2415
0.1932
0.0483
0
-0.0483
-0.0483
-0.0483
-0.0966
-0.0483
-0.0966
-0.0483
-0.0966
-0.0966
-0.0966
-0.0483
-0.0966
-0.0483
-0.0966
-0.0483
-0.0966
-0.0483
-0.0966
-0.1449
-0.0966
-0.1449
-0.0966
-0.1449
-0.1932
-0.1449
-0.1932
-0.1449
-0.1932
-0.1449
-0.1932
-0.1449
-0.1932
-0.1449
-0.1932
-0.1449
-0.0966
-0.1449
-0.0966
-0.0483
-0.0483
-0.0483
-0.0966
-0.1449
-0.1932
-0.1449
-0.1932
-0.1449
-0.1932
-0.2415
-0.1932
-0.1449
-0.1932
-0.1449
-0.0483
0.0966
0.966
2.8014
2.0769
0.1449
0.0966
-0.0483
0
0.0483
0
0
0
0.0483
0.0483
0.0483
0.0966
0.1449
0.0966
0.1449
0.1932
0.1932
0.1932
0.2415
0.2898
0.3864
0.483
0.5313
0.5796
0.6279
0.6762
0.7245
0.7728
0.7245
0.6762
0.6279
0.5313
0.4347
0.3381
0.2415
0.1932
0.1449
0.0966
0.0483
0
-0.0483
0
-0.0483
0
-0.0483
0
-0.0483
0
0.0483
0
0.0483
0
0
0
-0.0483
0
-0.0483
-0.0966
-0.0483
-0.0966
-0.0966
-0.0966
-0.1449
-0.0966
-0.0483
-0.0966
-0.1449
-0.0966
-0.1449
-0.0966
-0.1449
-0.0966
-0.1449
-0.0966
-0.0966
-0.0483
0
0
-0.0483
-0.0966
-0.1449
-0.0966
-0.1449
-0.1932
-0.1932
-0.1932
-0.1932
-0.1932
-0.1449
-0.1932
-0.1449
-0.0483
0.1449
1.5456
2.7048
1.2558
0.0966
0
0
0.0483
0.0483
0
0.0483
0
0.0483
0.0966
0.0966
0.0966
0.1449
0.1932
0.2415
0.1932
0.2415
0.2898
0.2898
0.3381
0.4347
0.483
0.5313
0.5796
0.6279
0.6762
0.7245
0.7728
0.7245
0.6762
0.6279
0.5313
0.4347
0.3864
0.2415
0.1932
0.1449
3.0912
0.0483
0
0.0483
0
0.0483
0
0.0483
0
-0.0483
0
0.0483
0
0
0
0.0483
0
0
0
-0.0483
0
-0.0483
-0.0966
-0.0483
-0.0966
-0.1449
-0.0966
-0.0966
-0.0966
-0.1449
-0.0966
-0.1449
-0.0966
-0.1449
-0.0966
-0.1449
-0.0966
-0.1449
-0.0966
-0.0966
-0.0966
-0.0483
0
0.0483
0
-0.0483
-0.0483
-0.0966
-0.0966
-0.1449
-0.1932
-0.1449
-0.1449
-0.1449
-0.0966
-0.1449
-0.0966
-0.0483
0.0483
0.5313
2.1252
2.4633
0.6762
0.1932
0.0966
0.0483
0.0966
0.0483
0
0.0483
0.0966
0.0966
0.0966
0.1449
0.1932
0.1449
0.1932
0.2415
0.2415
0.2415
0.2898
0.3381
0.3864
0.4347
0.483
0.5313
0.5796
0.6279
0.7245
0.7728
0.7728
0.8211
0.7728
0.7245
0.5796
0.5313
0.3381
0.2415
0.1932
0.1449
0.0966
0.0483
0
0.0483
0.0483
0.0483
0.0483
0.0483
0
0.0483
0
0.0483
0
0.0483
0
0.0483
